idel/idop , 
1 , 0
2 , -0
3 , 0
4 , -0
5 , 0
6 , 0
7 , -0
8 , -0
9 , -0
10 , -0
11 , 0
12 , 0
13 , 0
14 , 0
15 , 0
16 , 0
17 , 0
18 , -0
19 , -0
20 , 0
21 , 0
22 , -0
23 , 0
24 , 0
25 , -0
26 , -0
27 , 0
28 , 0
29 , 0
30 , 0
31 , -0
32 , -0
33 , 0
34 , 0.00142775
35 , 0.0606654
36 , 1.33031
37 , 23.3038
38 , 93.4015
39 , 200.734
40 , 358.153
41 , 554.01
42 , 757.787
43 , 1110.59
44 , 1455.08
45 , 1296.47
46 , 1158.59
47 , 2016.3
48 , 2527.12
49 , 2476.03
50 , 2602.22
51 , 2775.86
52 , 2799.72
53 , 3034.17
54 , 2564.41
55 , 2054.62
56 , 1582.08
57 , 1229.61
58 , 979.203
59 , 926.368
60 , 710.403
61 , 549.53
62 , 402.365
63 , 271.916
64 , 168.476
65 , 86.4685
66 , 14.2243
67 , 0.479558
68 , 0.0239398
69 , 0.00118597
70 , 0
71 , -0
72 , -0
73 , -0
74 , -0
75 , 0
76 , -0
77 , 0
78 , -0
79 , 0
80 , 0
81 , -0
82 , 0
83 , -0
84 , 0
85 , -0
86 , -0
87 , 0
88 , 0
89 , -0
90 , -0
91 , 0
92 , 0
93 , -0
94 , -0
95 , 0
96 , -0
97 , 0
98 , -0
99 , 0
100 , 0