  2.1998115e-01
 -6.9152123e-01
 -3.8243312e-01
  1.1155915e+00
 -2.4070334e-01
  6.8917394e-02
  1.1486622e+00
  4.2621097e-01
 -9.1402495e-01
  2.5802788e-01
  9.8760742e-01
 -1.4986603e+00
 -3.9378431e-01
 -9.6752793e-01
 -5.3529489e-01
 -1.1582143e+00
 -8.9337808e-01
  2.4991705e-01
  5.8494115e-01
  3.8908547e-01
  2.5322649e-01
  5.1936382e-01
  1.9152091e+00
 -1.5053445e+00
  1.7511451e-01
 -5.6738704e-01
 -1.9630375e+00
 -1.1023941e+00
 -7.9015142e-01
  1.1913605e+00
  9.6550453e-01
  1.4179436e+00
 -2.1942756e+00
  1.6407089e+00
  4.1089675e-01
  5.0601797e+00
  5.2990723e+00
  6.6132245e+00
  1.1745435e+01
  1.7209509e+01
  2.0145784e+01
  2.7715191e+01
  3.3285809e+01
  3.9739838e+01
  4.6902569e+01
  5.3895348e+01
  5.6950508e+01
  5.8160755e+01
  5.3141865e+01
  4.9293751e+01
  4.7015503e+01
  6.0208355e+01
  7.8348320e+01
  9.7709473e+01
  1.1718446e+02
  9.8447525e+01
  8.9473427e+01
  9.2428963e+01
  8.9436447e+01
  5.1630138e+01
  1.6544962e+01
  1.3799063e+01
  1.2147065e+01
  1.1001672e+01
  8.5981579e+00
  6.6775446e+00
  4.3475413e+00
 -9.9957925e-01
 -8.7670125e-02
  8.6172748e-01
 -1.6767306e+00
  5.8757806e-01
 -7.1006125e-01
  8.1497085e-01
  1.6762581e+00
 -7.4375486e-01
  1.7107958e-01
 -6.8704063e-01
  1.2809217e+00
 -2.8682277e-02
  5.5813640e-01
  4.9660549e-01
 -7.3286867e-01
  4.1653574e-01
 -8.6119294e-01
  1.0307715e+00
  9.2706668e-01
 -1.5330380e-01
  5.7270283e-01
 -9.3455148e-01
  5.2265954e-01
  1.4226753e+00
 -6.2599403e-01
  2.6918070e-02
  7.8403550e-01
  7.8643668e-01
 -8.2018274e-01
  1.8241961e+00
 -1.5626354e+00
 -1.1617835e+00
