 -8.1588119e-01
  2.0097699e+00
  9.2750800e-01
  9.2270219e-01
 -7.0317793e-01
 -5.8000344e-01
 -1.5688574e-01
  1.4973435e+00
 -8.2673949e-01
  1.0049657e+00
 -5.5614337e-03
  6.6659737e-01
  2.0225763e+00
  2.2252312e+00
 -7.0486140e-01
  8.8691220e-02
 -3.8697892e-01
 -7.6712832e-02
 -4.1789398e-01
  7.8585088e-02
  8.3952254e-01
  3.9991647e-01
  3.3935905e-01
 -6.2703329e-01
 -5.3523433e-01
  5.4282397e-01
  1.2598743e-01
 -3.5336593e-01
  1.8206341e+00
  6.6526413e-02
 -1.2285074e+00
  3.2270125e-01
 -1.4046828e+00
 -6.5315001e-02
  1.4156828e+00
  4.5851092e+00
  8.9653645e+00
  1.0809750e+01
  1.3044068e+01
  1.4973958e+01
  1.8961321e+01
  2.2738350e+01
  2.3878193e+01
  2.7146566e+01
  2.4639277e+01
  2.7364027e+01
  3.2608192e+01
  3.3760414e+01
  4.6994469e+01
  5.8638397e+01
  6.1081646e+01
  6.1794689e+01
  6.1490498e+01
  5.5664291e+01
  4.4420124e+01
  3.9754890e+01
  2.6653065e+01
  2.0635590e+01
  2.2425434e+01
  2.2657640e+01
  2.0268087e+01
  1.2720569e+01
  9.0045090e+00
  7.8588228e+00
  3.6532574e+00
  3.7613838e+00
  1.6188368e+00
  4.1972399e-03
  6.6406560e-01
 -1.4568688e+00
 -1.6972133e+00
  1.0181173e+00
 -9.4810683e-01
  1.0762217e+00
 -1.2593019e-01
  2.7262393e-01
 -9.6519083e-01
  3.4803039e-01
 -1.5089928e-01
  5.2112956e-02
 -4.0872851e-01
  1.7870340e+00
 -4.8222581e-01
  3.9874279e-01
  5.6625974e-01
  5.6444705e-01
  2.4947704e-01
 -4.7506106e-01
  1.9298898e+00
 -1.6361203e+00
  9.9612975e-01
  2.3410133e-01
  2.0679799e-01
  3.8722721e-01
  9.2591566e-01
 -5.7848310e-01
 -1.7138872e+00
  1.1585684e+00
  1.0889482e+00
 -1.0582678e+00
