 -8.9138836e-02
 -1.3277926e+00
  1.1430990e+00
 -1.6701568e+00
  1.3656702e+00
 -1.7681111e-02
 -1.1152917e+00
  1.6087316e+00
 -1.9912724e+00
 -2.3975575e-02
  7.1259308e-01
 -1.6974587e-02
  2.2427177e-01
 -5.5209720e-01
  1.3516051e+00
 -1.7290446e-01
  1.1980612e+00
 -7.4638993e-01
 -4.4065985e-01
  1.3917123e+00
  4.5491949e-01
  1.1274966e+00
 -1.7439409e-01
  2.6734738e+00
 -1.2658733e-02
 -1.3641818e+00
  7.1231812e-01
 -3.0549809e-01
  1.0894326e+00
 -1.2214367e+00
  9.8868793e-01
 -1.1595050e+00
  2.7181156e-02
  4.9340010e-01
  3.0573113e+00
  6.9518523e+00
  1.0896545e+01
  1.4686441e+01
  1.6138926e+01
  1.7728899e+01
  2.0922321e+01
  2.0389994e+01
  2.8427685e+01
  3.8991318e+01
  5.8027954e+01
  6.8566566e+01
  8.2851486e+01
  1.2117038e+02
  1.3685593e+02
  1.4992245e+02
  1.3143306e+02
  1.1019601e+02
  1.0739688e+02
  9.0402573e+01
  7.4919334e+01
  6.8630211e+01
  6.8181343e+01
  7.8586761e+01
  8.3242004e+01
  7.0005135e+01
  4.7800430e+01
  3.4048313e+01
  2.2710070e+01
  1.4146321e+01
  1.0739450e+01
  7.4597573e+00
  5.0018167e+00
 -7.9533130e-02
 -1.7885350e-01
  1.9946223e+00
 -6.4902496e-01
  4.7004503e-01
  4.1059828e-01
  1.6077833e+00
  3.4064248e-01
 -6.0369241e-01
  6.5765309e-01
  1.5208920e+00
  1.4957151e+00
  4.4867668e-01
 -4.0968931e-01
  2.6846104e+00
  4.3940571e-01
 -6.6982321e-02
  1.0077091e+00
 -1.3217971e+00
 -9.2759061e-01
  1.9548346e+00
  1.0370806e+00
  6.5138793e-01
 -1.3895456e+00
  5.5700356e-01
 -1.8394765e+00
  1.0350897e+00
 -6.8776257e-02
 -5.0163311e-01
 -7.4183196e-01
 -1.3720924e-01
  5.4884672e-01
  7.6498830e-01
