 -3.0370539e-01
  6.1349833e-01
 -1.1148123e-01
  7.0140851e-01
  1.1199731e+00
 -4.5675457e-01
 -1.0019288e+00
 -1.3842732e+00
 -1.2148161e-01
  5.7851024e-02
  1.4903094e+00
  6.7224151e-01
  6.6221923e-01
  1.8071847e-02
  3.0039024e-01
  5.1243532e-01
 -4.7849444e-01
 -5.9383017e-01
  7.5159901e-01
  7.2488328e-03
 -1.6464829e-02
  1.0233215e+00
  1.8924791e+00
 -1.7701875e+00
 -1.1493653e+00
  1.6048082e+00
  1.2035211e+00
  6.4386261e-01
  1.5867241e-01
 -5.8483285e-01
 -9.4872154e-02
  9.1340685e-01
  2.1151323e+00
  1.1779910e+00
  5.1341476e+00
  8.2284851e+00
  9.7883854e+00
  1.2417574e+01
  1.6062702e+01
  1.9826866e+01
  2.2939806e+01
  2.9498676e+01
  3.4931812e+01
  2.8672951e+01
  2.3996004e+01
  3.9691826e+01
  4.7795193e+01
  4.5474655e+01
  4.6876549e+01
  4.9567402e+01
  4.9935169e+01
  5.4546135e+01
  4.6948486e+01
  3.8694744e+01
  3.0976517e+01
  2.5305290e+01
  2.1481089e+01
  2.2047808e+01
  1.8720055e+01
  1.6503923e+01
  1.4276131e+01
  1.2080571e+01
  1.0337926e+01
  9.0146704e+00
  4.9982629e+00
  1.8430443e+00
  4.6282467e-01
  1.8389460e+00
  1.2021878e+00
 -7.3235840e-01
 -2.0218408e-01
 -6.3257778e-01
 -1.3517692e+00
  1.2999326e+00
 -1.1979346e+00
  4.2847866e-01
 -1.2349839e+00
  1.9550809e+00
  8.2305259e-01
 -1.1830111e+00
  2.5628870e+00
 -4.2925003e-01
  1.0243275e-01
 -7.5440127e-01
 -5.8678567e-01
  1.2579577e+00
  6.2579829e-01
 -1.4926944e+00
 -6.3302690e-01
  4.3658349e-01
  5.0340909e-01
 -4.4097149e-01
 -8.9621580e-01
  9.2240947e-01
 -1.7359470e+00
  2.7984154e-01
 -5.6879646e-01
  5.3344514e-02
  3.9016703e-01
 -1.7078849e+00
